Catalog: results/baseline_mask_sensitivity/mask_geometry_topology/mask_geometry_topology_catalog.csv

============================================================
BASELINE MASK GEOMETRY / TOPOLOGY SUMMARY
============================================================

===== BASIC CONTRACT =====
rows:                    19,941
columns:                 18
unique volumes:          369
duplicate volume/slice:  0
duplicate slice_path:    0
missing values:          0

===== DESCRIPTIVE SUMMARY =====
                            count         mean          std         min          1%        2.5%         25%          50%          75%        97.5%          99%          max
mask_pixels               19941.0  1817.485382  1118.749521  300.000000  321.000000  354.000000  908.000000  1618.000000  2507.000000  4386.000000  4923.200000  6444.000000
perimeter_area_ratio      19941.0     0.177451     0.095400    0.055949    0.068871    0.073910    0.112015     0.149292     0.215245     0.431094     0.520462     0.996350
compactness               19941.0     0.394132     0.196659    0.027716    0.075033    0.095770    0.240446     0.358832     0.529775     0.813668     0.863364     0.978682
beta_0                    19941.0     2.642495     2.290931    1.000000    1.000000    1.000000    1.000000     2.000000     3.000000     9.000000    11.000000    26.000000
beta_1                    19941.0     1.792287     2.834835    0.000000    0.000000    0.000000    0.000000     1.000000     2.000000    10.000000    14.000000    29.000000
max_edt                   19941.0    15.058040     6.087803    2.828427    4.472136    5.385165   10.198039    14.560220    19.209373    27.784888    29.832868    37.336309
h0_positive_finite_count  19941.0    16.310767    11.928475    0.000000    0.000000    1.000000    8.000000    14.000000    22.000000    46.000000    56.000000    91.000000
h0_max_persistence        19941.0     2.359666     1.994323    0.000000    0.000000    0.164159    1.000000     1.848858     3.162278     7.394449     9.000000    17.000000
h0_total_persistence      19941.0     9.923482     8.889461    0.000000    0.000000    0.219002    3.446548     7.706429    13.879702    33.253960    40.759718    94.679783
h1_positive_finite_count  19941.0     1.059475     1.838699    0.000000    0.000000    0.000000    0.000000     0.000000     1.000000     6.000000     9.000000    22.000000
h1_max_persistence        19941.0     0.885231     1.350184    0.000000    0.000000    0.000000    0.000000     0.000000     1.000000     5.000000     6.000000    12.000000
h1_total_persistence      19941.0     1.655592     3.085181    0.000000    0.000000    0.000000    0.000000     0.000000     2.000000    10.242641    13.997292    36.477538

===== PH ZERO / POSITIVE PREVALENCE =====
H0 positive finite count = 0: 246 (1.234%)
H0 positive finite count > 0: 19,695 (98.766%)
H1 positive finite count = 0: 11,026 (55.293%)
H1 positive finite count > 0: 8,915 (44.707%)

===== SIMPLE TOPOLOGY VS PH PRESENCE =====
beta_0 = 1 / H0+ = 0:
h0_positive_finite_count  False  True    All
beta_0
False                     11845     0  11845
True                       7850   246   8096
All                       19695   246  19941

beta_1 = 0 / H1+ = 0:
h1_positive_finite_count  False   True    All
beta_1
False                      8915   2291  11206
True                          0   8735   8735
All                        8915  11026  19941

===== SPEARMAN CORRELATIONS =====
                          mask_pixels  perimeter_area_ratio  compactness  beta_0  beta_1  max_edt  h0_positive_finite_count  h0_max_persistence  h0_total_persistence  h1_positive_finite_count  h1_max_persistence  h1_total_persistence
mask_pixels                     1.000                -0.799        0.082  -0.009   0.235    0.893                     0.337               0.047                 0.162                     0.241               0.268                 0.263
perimeter_area_ratio           -0.799                 1.000       -0.640   0.380   0.089   -0.918                     0.194               0.413                 0.402                     0.056              -0.011                 0.021
compactness                     0.082                -0.640        1.000  -0.637  -0.445    0.399                    -0.766              -0.773                -0.903                    -0.390              -0.319                -0.360
beta_0                         -0.009                 0.380       -0.637   1.000   0.303   -0.148                     0.479               0.563                 0.672                     0.245               0.187                 0.219
beta_1                          0.235                 0.089       -0.445   0.303   1.000    0.058                     0.560               0.336                 0.520                     0.873               0.805                 0.851
max_edt                         0.893                -0.918        0.399  -0.148   0.058    1.000                    -0.018              -0.235                -0.181                     0.060               0.091                 0.077
h0_positive_finite_count        0.337                 0.194       -0.766   0.479   0.560   -0.018                     1.000               0.607                 0.897                     0.532               0.503                 0.533
h0_max_persistence              0.047                 0.413       -0.773   0.563   0.336   -0.235                     0.607               1.000                 0.830                     0.310               0.287                 0.307
h0_total_persistence            0.162                 0.402       -0.903   0.672   0.520   -0.181                     0.897               0.830                 1.000                     0.476               0.433                 0.467
h1_positive_finite_count        0.241                 0.056       -0.390   0.245   0.873    0.060                     0.532               0.310                 0.476                     1.000               0.938                 0.982
h1_max_persistence              0.268                -0.011       -0.319   0.187   0.805    0.091                     0.503               0.287                 0.433                     0.938               1.000                 0.979
h1_total_persistence            0.263                 0.021       -0.360   0.219   0.851    0.077                     0.533               0.307                 0.467                     0.982               0.979                 1.000

===== LARGEST H0 POSITIVE-FINITE COUNTS =====
 volume  slice  mask_pixels  compactness  beta_0  beta_1   max_edt  h0_positive_finite_count  h0_max_persistence  h0_total_persistence  h1_positive_finite_count  h1_max_persistence  h1_total_persistence
    293     73         5547     0.088028      13      23 23.409400                        91            8.038405             63.094572                        18            3.605551             30.142182
    293     84         6273     0.176753       4      29 23.600847                        91            7.959940             52.780428                        20            3.605551             32.311033
    293     86         6282     0.179480       4      21 25.942244                        90            5.318992             41.965935                        14            5.385165             25.627805
     69     85         2501     0.030888      17       3  9.433981                        90            7.062258             85.228538                         1            1.000000              1.000000
     69     86         2780     0.028552      22       2  9.486833                        90            8.544004             94.601593                         2            1.000000              2.000000
     69     88         3613     0.036805      16      14 10.295630                        89            7.280110             86.858935                        11            3.000000             14.236068
     69     95         4290     0.043440      24       8 15.620499                        84            6.403124             94.679783                         5            2.236068              8.650282
     26     59         3684     0.137608       3      28 14.317821                        82            7.486833             46.275484                        19            3.605551             28.848192
     69     90         4041     0.048761      13       8 12.727922                        82            8.062258             74.440336                         4            2.000000              5.414214
    293     90         6444     0.261750       2      13 25.553865                        81            7.018174             35.133290                        10            8.544004             26.786644
    316     79         4431     0.089785      18       7 20.396078                        80            5.385165             60.201233                         5            2.000000              6.414214
     69     89         3887     0.043731      13       4 11.180340                        80            7.615773             74.678916                         3            4.472136              7.708204
    293     74         5648     0.093804      13      23 25.612497                        79           10.038405             59.714354                        13            3.000000             19.122417
    293     83         6217     0.180531       6      19 24.839485                        79            8.083450             42.675182                        12            6.000000             27.498474
     37     89         3047     0.125978       2      15 12.529964                        78            3.100117             38.643297                        10            4.472136             16.950845

===== LARGEST H0 MAX PERSISTENCE =====
 volume  slice  mask_pixels  compactness  beta_0  beta_1   max_edt  h0_positive_finite_count  h0_max_persistence  h0_total_persistence  h1_positive_finite_count  h1_max_persistence  h1_total_persistence
     89     57         4534     0.231228       2       0 18.357560                        33           17.000000             28.568408                         0            0.000000              0.000000
     89     59         4278     0.212364       2       1 18.027756                        38           17.000000             34.298025                         1            1.000000              1.000000
     89     56         4508     0.233855       3       0 18.973666                        28           16.492423             29.084488                         0            0.000000              0.000000
     89     53         4690     0.246065       3       3 19.798990                        27           16.278821             27.082899                         2            3.162278              6.162278
     89     58         4380     0.216191       3       1 18.248288                        30           16.278821             27.569363                         1            1.000000              1.000000
     89     62         3785     0.185764       3       2 17.000000                        30           16.278821             33.275574                         2            2.000000              3.000000
     89     54         4684     0.218832       2       5 19.313208                        41           16.124515             30.877888                         4            3.162278              8.324555
     89     55         4536     0.225876       3       2 18.248288                        37           16.124515             28.126420                         1            2.828427              2.828427
     89     50         4819     0.234236       2       3 19.416488                        25           16.031220             29.196496                         3            3.162278              6.576491
     89     60         4133     0.182402       4       1 18.000000                        34           16.000000             38.409803                         1            7.000000              7.000000
     89     49         4733     0.230143       2       2 19.209373                        35           15.811388             31.724072                         2            2.236068              4.236068
     89     51         4749     0.232740       2       4 19.798990                        30           15.811388             29.912805                         3            2.236068              5.236068
     89     52         4732     0.256535       2       0 19.849433                        23           15.811388             23.815951                         0            0.000000              0.000000
     89     63         3710     0.198374       3       2 16.155494                        30           15.524175             33.087403                         1            2.000000              2.000000
    369     78         3089     0.309408       2       0 16.124515                        15           15.264338             18.770919                         0            0.000000              0.000000

===== LARGEST H1 POSITIVE-FINITE COUNTS =====
 volume  slice  mask_pixels  compactness  beta_0  beta_1   max_edt  h0_positive_finite_count  h0_max_persistence  h0_total_persistence  h1_positive_finite_count  h1_max_persistence  h1_total_persistence
    288     49         2393     0.217960       1      27 15.231546                        39            5.381726             19.560964                        22            3.000000             26.478709
    288     50         2431     0.311283       1      21 15.231546                        43            2.511341             22.626925                        20            3.000000             31.714777
    288     52         2408     0.361047       1      21 12.806248                        49            3.113320             21.495780                        20            4.472136             35.068392
    288     55         2289     0.328355       1      24 13.928388                        41            4.899980             21.081732                        20            3.162278             31.233345
    293     84         6273     0.176753       4      29 23.600847                        91            7.959940             52.780428                        20            3.605551             32.311033
     26     59         3684     0.137608       3      28 14.317821                        82            7.486833             46.275484                        19            3.605551             28.848192
     26     63         3878     0.128296       5      27 15.231546                        64            5.083934             38.835646                        18            3.162278             25.819132
    288     56         2202     0.264883       1      22 13.928388                        40            3.037469             19.156344                        18            4.242641             29.015340
    293     73         5547     0.088028      13      23 23.409400                        91            8.038405             63.094572                        18            3.605551             30.142182
     26     60         3756     0.142378       2      25 14.764823                        62            6.057267             40.081550                        17            4.242641             28.498474
    288     57         2172     0.322157       1      21 14.317821                        45            2.602325             19.204236                        17            5.656854             27.148755
     58     66         2467     0.070435       7      25 13.892444                        61            4.099020             44.991189                        17            2.000000             18.828427
    288     48         2417     0.274726       1      17 17.117243                        39            5.848858             21.726160                        16            4.000000             29.560623
    293     94         6023     0.235783       4      19 21.023796                        68            7.681542             37.205716                        16            8.000000             28.236068
     30     90         2029     0.075083       5      21  8.485281                        62            4.324555             47.553167                        16            2.000000             17.414214

===== LARGEST H1 MAX PERSISTENCE =====
 volume  slice  mask_pixels  compactness  beta_0  beta_1   max_edt  h0_positive_finite_count  h0_max_persistence  h0_total_persistence  h1_positive_finite_count  h1_max_persistence  h1_total_persistence
    225     93         4580     0.272059       3       3 22.803509                        37            6.886524             24.994194                         3           12.000000             14.000000
    225     94         4572     0.283135       4       6 22.803509                        31            6.026298             23.013067                         3           11.045361             13.045361
    299     91         2891     0.777765       1       2 17.262677                        27            1.866069             11.857105                         2           11.000000             12.000000
    299     94         2795     0.734525       2       1 16.278821                        18            2.357764              8.764229                         1           11.000000             11.000000
    299     97         2607     0.713831       1       2 17.000000                        25            2.142136             10.701441                         1           10.770330             10.770330
    306    109         3991     0.258976       7       4 18.357560                        49            4.216643             27.457913                         4           10.440307             13.440307
    299     86         2892     0.759081       1       1 18.357560                        24            1.174266              8.277979                         1           10.295630             10.295630
     71     99         3384     0.296011       5       6 19.104973                        47            3.032331             24.043970                         5           10.049876             16.049876
    306    111         3828     0.260686       6       4 18.439089                        40            3.214013             21.594437                         2           10.000000             12.236068
    293    107         3141     0.376542       3       4 14.866069                        35            3.000000             20.398391                         3            9.899495             13.727922
     71    100         3343     0.277148       6       6 19.104973                        48            3.162278             26.820951                         2            9.848858             12.084926
     71     98         3381     0.287067      10       2 18.439089                        56            2.783023             29.830224                         2            9.433981             13.039532
    292     55         2566     0.447564       4       8 16.278821                        41            2.236068             20.333255                         6            9.219544             16.284040
    259     98         3094     0.587180       1       5 18.867962                        22            4.113900              9.712763                         5            9.000000             13.828427
    318     71         4364     0.597836       2       5 21.633308                        30            1.096488              9.044392                         3            9.000000             11.414214

===== LARGEST MAX EDT =====
 volume  slice  mask_pixels  compactness  beta_0  beta_1   max_edt  h0_positive_finite_count  h0_max_persistence  h0_total_persistence  h1_positive_finite_count  h1_max_persistence  h1_total_persistence
    328     88         6425     0.460360       3       2 37.336309                        12            2.828427              8.033048                         1            2.828427              2.828427
    328     91         6379     0.433479       2       2 36.345564                        23            3.000000              7.533846                         2            2.236068              3.236068
    328     93         6185     0.448483       1       1 36.124784                        15            1.000000              5.302047                         1            1.000000              1.000000
    328     95         6038     0.499841       1       0 35.510562                        10            1.294679              3.839251                         0            0.000000              0.000000
    328     89         6426     0.425083       2       2 35.171011                        26            2.544004             10.369015                         2            5.830952              8.659379
    318     81         4965     0.670127       2       2 34.985711                         8            1.000000              2.462644                         0            0.000000              0.000000
    328     98         5858     0.519486       1       0 34.985711                         6            1.000000              2.320671                         0            0.000000              0.000000
    318     80         4952     0.640497       1       5 34.928498                         9            0.414214              1.987129                         5            1.414214              5.828427
    328     87         6293     0.444698       2       2 34.928498                        27            2.236068              9.710172                         1            3.162278              3.162278
    261     87         5325     0.715215       1       0 34.785054                         8            0.349030              1.649528                         0            0.000000              0.000000
    261     88         5266     0.690073       1       1 34.785054                         7            0.385165              1.273521                         0            0.000000              0.000000
    318     83         5009     0.644617       2       2 34.713110                         6            1.000000              2.354666                         1            1.000000              1.000000
    261     86         5330     0.715441       1       0 34.713110                         9            0.458980              2.315345                         0            0.000000              0.000000
    328     92         6333     0.440140       1       3 34.713110                        22            1.605551              8.759315                         3            4.000000              7.828427
    261     84         5303     0.710747       1       0 34.669872                        11            0.527864              1.925195                         0            0.000000              0.000000

===== TOPOLOGY / PH CONTRASTS =====
connected/no holes but positive H0 distance structure: 4,259
no binary holes but positive H1 persistence: 0
binary holes but no positive H1 persistence: 2,291

===== BINARY HOLES / NO POSITIVE H1 PH =====
n: 2,291

beta_1 distribution:
beta_1
1    1627
2     456
3     132
4      46
5      23
6       6
7       1

largest beta_1 cases:
 volume  slice  mask_pixels  compactness  beta_0  beta_1   max_edt  h0_positive_finite_count  h0_max_persistence  h0_total_persistence  h1_positive_finite_count  h1_max_persistence  h1_total_persistence
    273     62         5107     0.216454      11       7 27.166155                        31            5.830952             32.062836                         0                 0.0                   0.0
    235    102         4307     0.484682       4       6 29.698485                        16            2.000000             10.671970                         0                 0.0                   0.0
    307     70         3578     0.180668      12       6 22.000000                        43            2.236068             32.085106                         0                 0.0                   0.0
    219     84          944     0.125467       8       6  8.062258                        25            3.846695             20.172668                         0                 0.0                   0.0
     19     53         1294     0.265046       1       6 15.811388                        16            1.000000             12.299111                         0                 0.0                   0.0
     97     78         2212     0.294695       1       6 15.297059                        16            2.828427              8.901467                         0                 0.0                   0.0
    308     77         3171     0.218252       4       6 19.235384                        36            2.712640             19.817035                         0                 0.0                   0.0
    278     45          338     0.161998       5       5  5.000000                        17            2.605551             13.131914                         0                 0.0                   0.0
      2     65         1731     0.138141       7       5 16.155494                        28            3.000000             22.312841                         0                 0.0                   0.0
     33     79         1644     0.119692       4       5 12.041595                        34            5.708204             25.719782                         0                 0.0                   0.0
    168    110         1984     0.193457       5       5 16.124515                        27            2.656854             19.295730                         0                 0.0                   0.0
    297     78         1532     0.148922       4       5 13.038405                        29            2.605551             17.458050                         0                 0.0                   0.0
    173    126          567     0.110613       3       5  5.000000                        21            3.472136             15.740473                         0                 0.0                   0.0
    227     72         1153     0.046843       7       5  5.099020                        51            4.242641             47.113643                         0                 0.0                   0.0
    294     41         1907     0.215911       4       5 16.155494                        30            2.828427             16.928588                         0                 0.0                   0.0
